5 6000 629 581 31
14 15000 1869 641 60
21 66000 1643 523 281
28 13456000 1913 913 49410
34 5000 751 567 75
42 7000 636 560 63
51 16000 2776 808 100
59 52000 2060 976 281
63 21000 540 940 247
70 7000 810 942 99
79 950000 1312 548 8835
84 46000 2348 652 544
91 3000 2305 533 118
98 748158000 2851 775 6535644
105 50000 2475 567 327
112 7000 2347 731 137
121 823000 1748 632 2642
126 8000 1402 562 157
134 74000 2300 972 566
138 21000 2409 925 319
145 4000 966 562 178
153 5000 2331 651 172
162 589000 2567 611 6254
168 204000 1057 689 2301
174 3000 1147 527 184
181 4000 1676 700 225
189 18962000 2365 573 84534
200 227000 1139 647 2863
202 1000 2322 802 206
208 1000 643 731 217
212 694000 1877 541 3191
218 56000 621 641 856
224 20000 2709 625 413
232 3000 1585 993 256
240 12000 1097 949 379
245 156000 1282 538 1693
252 42832000 959 551 389823
260 432000 2252 796 3419
270 2443000 762 514 24634
275 390000 1100 808 1540
285 842000 1060 684 9959
292 647000 1706 650 3696
296 72000 1137 969 1334
302 5109000 1310 678 24682
309 32000 610 586 433
315 2000 809 869 334
322 1000 1075 747 325
327 11000 1538 994 382
337 2606000 2450 614 27433
343 4000 2939 775 360
349 5000 2256 664 400
357 272000 610 818 1551
359 68000 1595 623 635
366 49000 1999 943 579
372 120000 1641 869 802
379 16408000 2914 834 59447
388 240000 1939 863 2746
398 1000 2891 951 408
402 88000 2427 663 1234
410 6000 682 866 432
418 249000 1138 622 2999
423 3000 661 877 434
431 1000 2780 764 434
437 1000 833 705 441
441 16000 950 546 618
449 30000 2977 781 545
456 3000 2497 957 465
462 2000 1492 924 486
467 2000 1021 753 483
474 22000 2373 949 541
480 5064000 1866 958 41800
487 3726000 2087 659 15732
496 2000 994 762 512
502 96410000 696 732 401376
511 143000 538 622 2150
516 3160000 1938 570 13086
526 1000 1799 675 535
532 5000 2984 656 550
540 21000 2038 738 639
549 75000 2301 601 868
557 14000 875 779 623
561 7000 1355 631 642
570 3731000 2858 658 39322
579 1000 1094 914 590
584 105000 1576 520 1134
595 5300000 958 738 57910
606 4405000 2242 534 20532
614 120000 1935 547 1615
624 72000 955 835 1278
633 118000 1529 937 1078
640 20000 2860 932 703
646 15600000 981 821 65000
653 42000 2033 553 1126
660 5496000 787 991 46257
667 2122000 2616 692 18716
673 939000 522 930 3558
679 1468000 2363 991 5935
685 1000 1793 853 690
688 4000 2216 576 723
696 30000 2724 520 967
704 200000 2414 902 2323
714 1000 2906 634 724
720 38870000 2554 938 460189
730 110188000 559 855 1135124
741 6000 1130 874 801
748 33964000 1399 739 322265
758 1000 2335 731 766
764 720000 2061 949 3085
772 84000 724 952 1058
780 777000 2886 830 3388
785 1000 615 591 795
790 3000 846 858 799
797 84000 1537 861 1101
804 316000 1821 505 2014
808 1011000 1195 871 10555
815 1688000 2314 870 6710
821 3000 2258 734 834
828 764000 2091 943 3800
833 2000 807 939 841
839 2000 571 895 858
845 2000 2615 723 863
852 116000 2682 726 1344
860 9000 2530 822 940
869 3000 728 980 894
876 1000 929 605 886
880 910000 689 577 6155
890 4000 2523 971 907
897 7000 2876 776 928
906 2000 2009 613 912
913 402000 2006 526 4205
920 3000 1874 710 930
927 6000 1190 614 947
933 25000 1302 626 1161
941 8000 1217 893 1014
948 4046000 2128 864 42461
955 2000 1449 845 981
960 4000 574 762 981
968 2316000 1099 767 8450
975 4000 1219 971 1008
981 2000 2611 987 1000
986 94000 1597 833 1902
992 482000 949 637 5769
998 312000 1242 622 1986
1006 14000 954 938 1142
1012 128000 2443 591 1648
1020 3656000 757 933 31212
1028 78000 1514 778 1384
1037 4300000 610 710 43633
1044 100000 589 697 2079
1052 345000 3019 899 2650
1060 56000 1851 895 1512
1069 6000 2972 980 1087
1075 15000 1802 786 1205
1083 16000 2355 995 1225
1092 610000 2178 722 6955
1100 5000 1817 653 1146
1106 63000 2616 984 1641
1115 87000 1459 991 1844
1122 30000 2123 795 1224
1126 151000 572 648 2586
1130 1626000 1682 722 23972
1139 12000 1091 983 1259
1149 26000 850 530 1250
1152 45075000 3005 941 514846
1160 24000 937 877 1426
1166 9000 1196 908 1248
1174 1232000 2447 759 12635
1185 5000 2745 893 1231
1193 4000 2629 977 1226
1201 22000 2777 817 1271
1207 12000 2588 524 1323
1216 8000 2199 847 1291
1225 338000 981 945 2555
1231 13000 2170 590 1338
1236 21000 2915 531 1441
1240 219000 1622 918 3303
1247 11756000 2154 898 54350
1254 3000 872 808 1265
1259 238000 2937 633 3745
1268 1145000 609 625 13536
1271 1320000 2237 957 13835
1278 19000 979 827 1451
1283 230000 1730 510 2176
1289 8921000 853 777 32675
1294 813000 584 792 4490
1301 64000 1062 634 1855
1312 9666000 1295 727 118230
1321 9000 2121 577 1356
1330 1000 2056 800 1334
1334 24000 1580 532 1467
1341 3000 1675 679 1367
1348 1000 2412 836 1359
1351 2000 3021 913 1370
1357 10245000 2700 668 50901
1362 28000 2509 533 1504
1368 400000 1437 873 2764
1376 657000 2923 779 3573
1383 4000 2752 604 1403
1389 56706000 1706 982 592166
1394 91000 2067 695 1760
1403 2000 2736 592 1411
1410 160000 532 640 2241
1418 90000 555 975 2306
1427 38000 1453 645 1760
1434 17432000 850 654 60984
1442 16000 537 969 1622
1451 1000 1831 515 1459
1455 2000 548 932 1475
1462 6000 1636 596 1489
1471 1259000 2185 533 12704
1475 17450000 2413 601 171169
1481 160000 2972 528 2804
1485 2246000 2261 677 11129
1491 17661000 708 656 159533
1498 4000 2960 684 1534
1505 4000 1369 629 1541
1510 1000 758 774 1514
1515 2000 1417 517 1532
1522 6000 622 818 1545
1529 862000 1583 987 4942
1535 12000 2390 650 1635
1540 908000 881 985 5397
1548 1377000 687 631 15056
1557 8813000 1921 957 28836
1566 2000 1740 608 1586
1572 368000 1638 606 4931
1580 910000 1623 843 8958
1590 480000 1019 699 6555
1597 5000 863 931 1618
1605 280000 897 557 4289
1613 12000 1992 616 1749
1621 6000 956 536 1680
1628 16000 1429 689 1682
1635 6000 2704 988 1658
1639 3000 647 959 1648
1644 8000 1546 974 1717
1652 432000 1639 595 6236
1658 3000 966 726 1689
1665 8000 1032 580 1730
1674 110000 1369 553 3170
1681 82000 1997 513 2019
1687 1000 1804 872 1691
1691 1000 2041 645 1695
1697 6129000 2343 643 32865
1704 273000 1915 747 2747
1711 507954000 2373 701 1624083
1718 182952000 761 625 564585
1726 2000 1262 898 1735
1732 1000 2439 891 1735
1734 71000 2720 520 2318
1739 2000 2579 863 1749
1745 196000 1629 717 2978
1752 17000 1238 890 1930
1755 344000 694 730 4837
1763 1000 1819 507 1772
1768 9000 1168 520 1798
1773 8000 1411 523 1805
1780 2000 1763 843 1803
1786 13000 2707 955 1893
1796 70000 2555 835 2192
1804 5000 699 695 1845
1812 35000 962 634 2150
1821 405000 986 814 3283
1829 1000 2374 790 1832
1834 2000 1767 735 1854
1841 1000 913 609 1844
1845 4204000 1090 802 37017
1851 2000 2338 890 1859
1857 9000 2919 547 1889
1864 3000 564 944 1891
1871 8000 2156 856 1905
1877 14000 1626 986 1932
1882 64000 2088 796 2456
1890 6000 2437 813 1952
1897 158000 1698 778 3293
1901 17000 612 516 2045
1903 5000 690 982 1929
1911 54528000 2281 889 169612
1921 17000 2769 601 2010
1927 110000 2999 755 2856
1937 18000 1120 876 1991
1940 120000 2269 609 3009
1950 5000 1986 718 1977
1959 170000 2631 675 2835
1969 29000 1068 568 2088
1973 25000 2143 915 2062
1982 45000 803 531 2172
1988 1945000 1403 667 10460
1996 1000 1030 726 2005
2000 34000 601 989 2127
2010 1000 2070 786 2020
2014 978000 2208 720 5096
2023 6000 2881 557 2049
2032 4000 2841 729 2065
2039 1000 2357 921 2042
2045 19000 902 970 2202
2056 2000 1403 759 2073
2062 976000 1884 792 11639
2071 32000 1297 969 2191
2079 9000000 2536 632 32030
2085 12000 1367 651 2215
2088 405000 2216 940 4443
2092 2026938000 1542 694 11748629
2099 126000 2217 741 2592
2106 3000 1705 805 2132
2113 3000 1993 773 2140
2120 12000 1228 836 2169
2129 24000 2346 998 2255
2136 6000 1949 641 2157
2145 80000 1459 947 2534
2151 2000 1005 621 2169
2157 373000 2248 932 3946
2161 3000 596 620 2196
2167 13000 1094 786 2290
2177 663000 2830 934 4286
2187 183000 2146 806 3722
2194 121233000 716 724 844786
2201 48000 2960 588 2662
2210 63000 2299 987 2843
2219 534000 1272 760 4178
2226 140000 1738 882 2860
2235 516144000 2172 892 2125643
2242 88000 1060 828 2747
2248 5000 2079 519 2274
2257 36000 1479 651 2390
2265 1945000 1928 552 17894
2273 272000 2670 998 3340
2280 108000 833 837 3535
2288 24000 2117 949 2403
2295 6000 2612 952 2321
2304 18000 1927 535 2382
2313 2000 1601 585 2331
2318 9000 1500 868 2395
2324 2900000 2726 678 31659
2334 35000 1130 618 2482
2338 10000 2364 820 2428
2345 2000 2581 601 2363
2350 224000 2059 871 5021
2360 20252000 2587 535 187103
2368 24000 619 595 2480
2374 1000 1153 929 2383
2378 1000 1880 804 2381
2380 30000 1807 827 2512
2384 302000 2373 673 5318
2390 1000 1879 751 2398
2394 6112000 1358 938 20880
2400 231000 2299 987 3201
2409 263809000 1521 577 2157820
2419 20000 826 790 2490
2424 1000 2636 648 2433
2427 310000 1224 648 5008
2437 4402000 2281 945 43627
2444 1000 2659 911 2448
2447 24000 1518 558 2653
2455 684000 2768 736 5704
2461 43000 1691 871 2634
2466 70000 2959 555 3073
2475 200000 1316 744 4099
2483 27102000 2248 920 135725
2492 23086000 2377 533 267570
2498 6000 1383 687 2548
2507 76374000 717 621 252877
2515 4000 1737 637 2549
2523 575000 1472 988 8573
2531 1524000 1256 540 20155
2540 32000 594 918 2807
2546 1000 1212 624 2549
2550 139000 949 517 3163
2554 28000 2127 851 2810
2557 160000 2367 639 3349
2565 195000 2002 538 3243
2572 2000 539 615 2579
2578 76000 2771 659 2903
2585 1000 3004 936 2589
2590 27000 685 937 2806
2601 5000 2770 638 2623
2610 170000 702 670 3297
2617 45000 714 754 3084
2624 25714000 927 819 231296
2635 541000 2985 649 7639
2639 14000 2809 745 2793
2648 4000 952 852 2667
2656 107000 2605 725 3078
2660 1000 1492 752 2663
2665 15000 820 832 2789
2675 10000 2389 665 2787
2681 12000 2511 843 2806
2690 94000 1256 616 3139
2697 16000 1199 675 2754
2703 63000 816 564 2984
2714 4000 2583 543 2752
2722 45000 579 883 3350
2727 3615000 1127 851 21159
2734 7000 828 776 2755
2743 414000 1147 659 6812
2749 16000 2442 686 2913
2759 1000 2784 796 2767
2765 2000 927 827 2781
2770 2000 3009 529 2786
2776 3000 1466 870 2788
2783 12000 2619 539 2914
2790 167000 1481 745 3487
2794 3000 1638 822 2826
2801 58048000 2431 503 220912
2808 127000 2453 713 3287
2811 534000 1010 578 7321
2815 4000 2666 946 2850
2821 16000 1571 955 2882
2830 3000 812 848 2865
2837 70000 940 548 3081
2842 54000 2796 504 3320
2851 944000 2670 974 13325
2855 98000 1695 579 3342
2860 436000 2392 840 8619
2866 3000 2270 782 2877
2873 8000 1483 819 2968
2882 20000 2641 765 3059
2890 11000 1652 508 2992
2900 3000 1732 636 2930
2907 1000 1052 980 2919
2912 2000 2761 829 2928
2916 40000 2098 638 3259
2924 3324000 2223 567 38976
2934 2000 2196 988 2940
2940 1000 1305 709 2944
2946 7830000 1140 880 66019
2953 315000 2496 836 4339
2960 321000 1202 866 5820
2967 396000 2968 644 6773
2979 38220000 2435 735 315687
2988 2000 2795 795 2994
2994 6000 2541 981 3053
2999 348000 574 594 4919
3009 5000 1374 670 3054
3014 4000 1578 922 3053
3022 4000 539 883 3062
3028 3000 2540 952 3052
3035 2108000 847 683 11549
3041 24000 2538 822 3265
3048 1755340000 2396 928 6725387
3058 19683000 662 738 70013
3062 9000 810 890 3143
3071 4970000 1414 922 49610
3081 104000 1683 871 3456
3092 2000 2990 874 3112
3099 1000 1408 568 3102
3105 231000 623 595 4283
3114 54000 2676 912 3687
3121 101000 1854 966 3472
3126 50000 1840 544 3351
3132 528000 709 721 7519
3139 157000 2264 908 4931
3143 8000 770 862 3214
3150 2296000 540 520 26859
3157 13443000 2260 892 163435
3165 4000 558 962 3202
3171 66000 623 579 3729
3182 90000 713 693 4065
3191 3600000 2077 509 15555
3202 1952000 845 801 11019
3210 5000 1716 960 3253
3218 26000 1680 696 3312
3225 1000 1264 636 3234
3228 6000 2596 768 3281
3237 7000 1676 520 3309
3242 10000 2897 581 3343
3249 6000 1299 831 3274
3258 16973000 1746 502 162962
3264 108000 684 936 3599
3270 1000 952 648 3275
3275 3297000 2898 710 44524
3279 525000 2817 893 5080
3290 9000 1423 575 3335
3293 151000 824 696 3867
3297 4958000 1187 579 18213
3302 25000 620 740 3559
3310 194000 2748 720 5117
3317 238000 1107 707 5375
3326 46656000 2436 676 143645
3334 5000 2882 570 3370
3342 53000 1904 836 3812
3346 2000 635 631 3366
3353 1000 2180 948 3357
3358 18000 1571 783 3432
3368 4000 1150 890 3388
3374 22000 1315 655 3491
3380 3000 2570 562 3408
3387 59890000 711 607 230588
3395 212000 1904 932 5155
3402 45000 2399 519 3691
3410 275000 1462 790 4316
3413 836000 2654 910 8236
3419 1061094816 2712 932 146545677
3428 8000 1802 738 3503
3431 180000 1794 682 4194
3441 150000 2546 530 3918
3449 6000 695 539 3473
3458 2000 2727 719 3467
3463 4000 1205 905 3496
3467 2000 1688 512 3475
3473 264116000 1593 829 872738
3480 35000 927 839 3941
3491 270000 2292 876 4813
3500 2000 1910 878 3518
3507 30000 2956 660 3766
3513 4000 2440 584 3547
3521 58392000 1621 897 580574
3530 13000 1982 694 3602
3540 1000 2011 763 3543
3546 2455000 2902 710 14409
3554 22900000 2353 617 79004
3564 10000 1624 928 3658
3572 12424000 1947 943 117842
3580 160000 2987 587 5192
3588 3000 1349 881 3612
3596 1000 2127 871 3604
3600 24000 737 513 3736
